78.92491903787216
89.71791381580239
93.99790435143859
70.25141877760743
95.26319789251573
93.18329644803995
86.71238902401055
77.4365144816102
82.52302247881225
95.23301850654468
66.91681586958732
86.98985403346852
86.78578750349895
94.48598402546044
77.88858480278057
83.74769542576111
94.05824496567129
77.58614890953737
70.67779226035002
67.43731469325722
71.31760496752753
82.61841532486046
71.93047869613576
74.82308517655521
82.24996202215434
84.06687935959249
88.72297951810002
73.86234982428694
97.51999493402411
81.60475969216671
90.98315591077396
90.43365670055142
68.51795202584086
93.5589621229781
95.49666769321863
77.77056283627064
93.68242797290469
78.78382299951741
71.4373306404333
69.840108779352
69.09958712930981
88.86671034059984
81.59650809251718
85.09786554323998
70.58229927570652
74.93940834998779
67.79014423192736
87.74965705596907
94.06247284109133
99.02734645227827
85.9083607505555
87.46272565686084
97.7220516198929
73.63107932329869
77.10976558826324
84.21362198999219
97.32825870461028
72.54784100534255
96.32162012549222
99.70790018260995
87.89097442570984
99.55565833807347
96.25469974669001
73.62492212301645
74.5886079717321
76.47587592403517
86.44079390398798
81.88609550973298
81.77389650293219
82.5614104556343
67.64811634604581
86.98090972545712
85.66630256733849
85.26553409061343
93.98744567438955
76.56568240478332
76.37240729471098
96.36367211764312
88.22848038230111
96.59335466018527
86.5391869177324
97.73867286139927
83.06861258075072
99.5220460240456
84.38803726168598
69.09987955832909
82.69864374889141
70.04776228158516
98.11900267053687
92.46870927336055
70.80064332866728
68.32954975573985
89.17429341888874
79.57471846509279
86.92261927228674
70.55035435500795
86.57823840481541
69.69978624699009
69.72643392605029
72.89757934924737
92.00239214474301
93.91540631078428
97.2067075431855
65.17001301593284
80.98307397373254
81.78437766694645
73.15445499740713
72.224303073761
73.8594092712903
67.03772143405928
91.32165777569122
92.81796954795097
78.04107912796455
65.0324695167606
95.54615067855079
88.40648256686777
96.59660457797068
76.21815019757085
79.2353476372327
73.78171150134827
65.8627620005756
75.24937556714522
90.56487868344706
99.97746882588046
82.50599780604897
69.141581465397
67.22485849067546
83.94957772133782
66.55852714281053
69.86464777587261
71.08292045755466
69.44831893851911
78.65226534974835
70.28855970461991
99.98960806657828
73.87915704433945
85.28659593784505
84.45633269113218
75.99638056977707
92.33844034113238
86.47115311606954
85.33413917444022
65.87272067979045
75.04855852647765
74.78381149948123
69.75630063733713
97.96081030535329
95.83079449265952
96.80889238480864
78.02499028715567
98.91763103740294
79.424963708372
74.83746295858965
75.61446369663365
70.59598788996406
95.16524134401578
88.7098412905491
93.67635789175415
86.91512138538194
89.80826237533176
79.44268306394338
90.49607281712636
76.30809400049651
81.62975149239469
93.78854703118404
98.49775208012903
89.4208332419237
96.67234810576228
90.3246278566981
70.61324622086853
83.24763366183439
92.56337065320673
65.12738674639719
83.7135793413803
68.54263250496096
90.00412958048946
77.67801801552262
89.75080256752847
73.00431443553333
66.78817297328187
93.02421839415199
92.38021104319691
92.69832234283713
89.57224266821454
89.70017919850658
99.30374549691135
83.36255177458943
78.40358614748153
84.21143071418368
94.28224506148433
70.92878127248069
94.34255522495363
87.48922741428268
88.2850327090333
73.5620372347441
75.60439091744531
93.61619911459289
68.49458855446498
82.95482353699883
99.78221287571887
